205337324 20151031 0
205337324 20151031 0
205337324 20151101 0
205337324 20151101 0
205337324 20151102 0
205337324 20151103 0
205337324 20151103 0
205337324 20151103 0
246685982 20151031 0
246685982 20151031 0
246685982 20151102 0
246685982 20151103 0
246685982 20151103 0
236037337 20151030 0
236037337 20151030 0
236037337 20151030 0
236037337 20151101 0
236037337 20151101 0
236037337 20151102 0
156016008 20151024 0
156016008 20151026 0
156016008 20151027 0
156016008 20151027 0
156016008 20151028 0
156016008 20151029 0
156016008 20151029 0
156016008 20151030 0
156016008 20151031 0
156016008 20151031 0
156016008 20151101 0
156016008 20151102 0
156016008 20151103 0
156016008 20151103 0
31596435 20151103 0
31596435 20151103 0
262200774 20151031 0
262200774 20151101 0
262200774 20151102 0
262200774 20151103 0
262200774 20151103 0
122069329 20151029 0
122069329 20151029 0
122069329 20151101 0
122069329 20151101 0
243032768 20151101 0
243032768 20151102 0
243032768 20151102 0
280908886 20151031 0
280908886 20151101 0
237514573 20151025 0
237514573 20151027 0
237514573 20151027 0
237514573 20151027 0
237514573 20151028 0
237514573 20151028 0
237514573 20151028 0
237514573 20151029 0
237514573 20151029 0
237514573 20151029 0
237514573 20151029 0
237514573 20151101 0
237514573 20151102 0
237514573 20151102 0
237514573 20151103 0
94444234 20151029 0
94444234 20151102 9
94444234 20151102 0
94444234 20151103 0
46128945 20151102 0
46128945 20151103 0
9718122 20151031 0
232470885 20151027 5
232470885 20151027 2
232470885 20151028 0
232470885 20151029 1
232470885 20151029 0
232470885 20151030 0
232470885 20151030 0
232470885 20151031 0
232470885 20151031 0
232470885 20151101 0
232470885 20151102 0
232470885 20151102 0
232470885 20151103 0
232470885 20151103 0
186345708 20151030 0
186345708 20151102 0
177649148 20151029 0
177649148 20151031 0
177649148 20151101 0
177649148 20151101 0
177649148 20151102 0
177649148 20151103 0
177649148 20151103 0
177649148 20151103 0
177649148 20151109 0
240324457 20151029 0
240324457 20151102 0
240324457 20151103 0
83431409 20151101 0
83431409 20151103 7
83431409 20151103 1
108496943 20151031 0
108496943 20151101 0
108496943 20151102 0
108496943 20151103 0
87792010 20151101 0
87792010 20151102 0
237290882 20151102 2
175033522 20151029 0
175033522 20151031 0
175033522 20151031 0
175033522 20151101 0
175033522 20151101 0
175033522 20151103 0
175033522 20151103 0
28766616 20151101 0
28766616 20151102 0
28766616 20151103 0
28766616 20151103 0
2090161 20151029 0
2090161 20151030 0
2090161 20151101 0
2090161 20151101 0
2090161 20151102 0
2090161 20151102 0
2090161 20151103 4
2090161 20151103 1
2090161 20151103 0
86321298 20151029 0
86321298 20151101 0
86321298 20151101 0
86321298 20151102 0
86321298 20151102 0
86321298 20151103 0
140845913 20151030 0
140845913 20151031 0
140845913 20151101 0
140845913 20151101 0
23770761 20151102 0
23770761 20151102 0
23770761 20151103 0
23770761 20151103 0
263476601 20151029 0
263476601 20151029 0
263476601 20151030 0
263476601 20151031 0
263476601 20151101 0
263476601 20151101 0
263476601 20151103 0
263476601 20151103 0
76888474 20151102 0
82319692 20151030 0
245575279 20151102 0
280555487 20151101 0
280555487 20151102 0
260369671 20151101 1
260369671 20151101 0
260369671 20151103 1
85409533 20151101 0
85409533 20151101 0
85409533 20151102 0
85409533 20151102 0
85409533 20151102 0
85409533 20151103 0
174885546 20151030 1
174885546 20151030 0
174885546 20151031 0
174885546 20151101 0
174885546 20151102 0
174885546 20151103 2
234694796 20151029 0
234694796 20151030 0
234694796 20151101 0
234694796 20151101 0
234694796 20151102 0
234694796 20151103 0
240565005 20151031 0
240565005 20151031 0
240565005 20151101 0
240565005 20151101 0
240565005 20151102 0
240565005 20151103 2
281110287 20151029 0
281110287 20151030 0
281110287 20151031 0
281110287 20151102 0
281110287 20151103 0
107943031 20151031 0
11702623 20151029 0
11702623 20151030 0
11702623 20151101 0
11702623 20151102 0
11702623 20151102 0
173790224 20151029 0
173790224 20151031 0
173790224 20151031 0
173790224 20151103 0
146543306 20151029 0
146543306 20151101 6
146543306 20151101 0
146543306 20151101 0
146543306 20151103 14
271055116 20151029 0
271055116 20151029 0
271055116 20151029 0
271055116 20151031 0
271055116 20151101 0
271055116 20151103 0
261013969 20151101 0
261013969 20151103 0
273722489 20151101 0
273722489 20151102 0
228585873 20151101 0
228585873 20151101 0
228585873 20151101 0
251787897 20151030 4
251787897 20151030 0
251787897 20151101 0
251787897 20151102 0
251787897 20151103 1
251787897 20151103 3
242397981 20151101 0
242397981 20151102 0
242397981 20151103 2
242397981 20151103 0
222334396 20151024 0
222334396 20151024 0
222334396 20151024 0
222334396 20151024 0
222334396 20151027 0
222334396 20151027 0
222334396 20151027 0
222334396 20151029 0
222334396 20151029 0
222334396 20151029 0
222334396 20151029 0
222334396 20151029 0
222334396 20151030 0
222334396 20151102 0
222334396 20151103 0
170769496 20151102 7
200924950 20151029 0
200924950 20151029 0
200924950 20151030 0
200924950 20151031 0
200924950 20151101 0
200924950 20151101 0
200924950 20151102 0
200924950 20151102 0
262661278 20151029 0
262661278 20151029 0
262661278 20151102 0
117731424 20151030 0
117731424 20151102 0
117731424 20151102 0
117731424 20151102 0
196683010 20151029 0
196683010 20151030 0
196683010 20151031 0
196683010 20151101 0
196683010 20151101 0
196683010 20151102 0
196683010 20151102 0
196683010 20151102 0
1366364 20151101 5
1366364 20151102 0
1366364 20151102 0
57029540 20151102 0
57029540 20151103 5
116214833 20151029 0
116214833 20151101 0
116214833 20151102 0
116214833 20151102 0
116214833 20151102 0
193715822 20151030 0
193715822 20151101 0
193715822 20151102 0
193715822 20151102 0
193715822 20151103 0
242335986 20151101 0
242335986 20151102 0
271033594 20151102 1
271033594 20151102 0
271033594 20151103 0
56910153 20151024 0
56910153 20151027 0
56910153 20151027 0
56910153 20151027 0
56910153 20151028 0
56910153 20151028 1
56910153 20151029 0
56910153 20151029 1
56910153 20151029 0
56910153 20151029 0
56910153 20151030 0
56910153 20151031 0
56910153 20151101 0
56910153 20151102 0
56910153 20151102 0
56910153 20151102 0
56910153 20151102 0
56910153 20151103 0
100085039 20151101 0
100085039 20151102 0
100085039 20151102 0
101247385 20151030 0
101247385 20151102 0
101247385 20151103 1
67164811 20151101 4
67164811 20151102 0
67164811 20151103 0
223393031 20151031 0
223393031 20151101 0
223393031 20151101 0
223393031 20151102 0
223393031 20151102 0
223393031 20151103 4
109337357 20151101 0
109337357 20151102 0
227681121 20151102 0
227681121 20151103 0
74514291 20151031 0
74514291 20151101 0
74514291 20151103 0
180504756 20151030 0
180504756 20151031 0
180504756 20151101 0
180504756 20151101 0
180504756 20151102 0
180504756 20151103 1
180504756 20151103 0
180504756 20151103 0
28496041 20151029 0
28496041 20151030 0
28496041 20151031 0
28496041 20151031 0
28496041 20151101 0
28496041 20151102 0
28496041 20151102 0
28496041 20151102 0
28496041 20151103 0
28496041 20151103 0
208128788 20151030 0
208128788 20151031 0
208128788 20151031 0
208128788 20151101 0
208128788 20151102 0
208128788 20151103 3
264478291 20151031 0
264478291 20151031 0
264478291 20151101 0
264478291 20151101 0
264478291 20151102 0
264478291 20151102 0
51598081 20151029 0
51598081 20151101 12
238599144 20151031 0
238599144 20151031 0
238599144 20151102 0
238599144 20151103 0
100712298 20151029 0
100712298 20151031 0
100712298 20151101 0
100712298 20151101 0
100712298 20151103 0
100712298 20151103 0
100712298 20151103 0
15740158 20151103 0
15740158 20151103 0
43278406 20151027 0
43278406 20151029 0
43278406 20151029 0
43278406 20151030 0
43278406 20151031 0
43278406 20151101 0
43278406 20151101 0
43278406 20151101 0
43278406 20151102 0
43278406 20151102 0
43278406 20151103 0
43278406 20151103 0
43278406 20151103 0
239140355 20151031 4
239140355 20151031 0
239140355 20151101 0
239140355 20151102 0
239140355 20151103 4
106100449 20151103 0
106100449 20151103 0
248259023 20151031 0
248259023 20151101 0
248259023 20151101 0
248259023 20151103 0
248194926 20151024 0
248194926 20151027 6
248194926 20151028 0
248194926 20151028 2
248194926 20151028 0
248194926 20151029 0
248194926 20151029 0
248194926 20151029 0
248194926 20151029 1
248194926 20151029 0
248194926 20151101 0
248194926 20151101 0
248194926 20151103 0
248194926 20151103 0
207853704 20151029 0
207853704 20151029 0
207853704 20151031 0
207853704 20151101 0
207853704 20151101 0
207853704 20151101 0
207853704 20151102 0
207853704 20151102 0
207853704 20151103 0
207853704 20151109 0
247858520 20151101 0
247858520 20151101 0
247858520 20151103 0
247858520 20151103 0
247858520 20151103 0
156146576 20151029 0
156146576 20151030 0
156146576 20151031 0
156146576 20151031 0
156146576 20151101 0
156146576 20151101 0
156146576 20151103 0
264605728 20151030 0
264605728 20151101 0
264605728 20151102 0
264605728 20151102 0
264605728 20151102 0
264605728 20151103 1
76283728 20151101 0
76283728 20151102 0
157772821 20151031 1
157772821 20151101 0
157772821 20151101 0
157772821 20151102 0
157772821 20151103 0
45942062 20151030 0
45942062 20151101 0
45942062 20151103 0
45942062 20151103 0
105994355 20151102 0
105994355 20151102 0
105994355 20151102 0
105994355 20151103 0
273847623 20151101 0
273847623 20151103 0
241548758 20151031 0
241548758 20151031 0
241548758 20151101 0
241548758 20151102 0
241548758 20151103 0
229528597 20151030 6
229528597 20151031 0
229528597 20151031 0
229528597 20151101 0
229528597 20151101 0
229528597 20151102 0
229528597 20151102 0
229528597 20151103 7
246591982 20151029 0
246591982 20151030 0
246591982 20151031 0
246591982 20151031 0
246591982 20151103 0
246591982 20151103 0
55955548 20151029 0
55955548 20151101 0
55955548 20151101 0
55955548 20151102 0
55955548 20151102 0
55955548 20151102 0
184344170 20151029 0
184344170 20151029 0
184344170 20151101 0
184344170 20151102 0
184344170 20151103 0
184344170 20151103 0
273848651 20151029 0
273848651 20151029 0
273848651 20151029 0
273848651 20151029 0
273848651 20151031 0
273848651 20151031 0
273848651 20151101 0
273848651 20151102 0
273848651 20151102 0
273848651 20151102 0
225534577 20151103 0
216096849 20151025 0
216096849 20151027 0
216096849 20151027 0
216096849 20151027 0
216096849 20151028 0
216096849 20151028 0
216096849 20151029 0
216096849 20151031 1
216096849 20151101 0
216096849 20151101 0
216096849 20151102 0
216096849 20151102 0
199432827 20151029 1
199432827 20151030 5
199432827 20151030 0
199432827 20151101 0
199432827 20151102 0
199432827 20151103 3
59386621 20151029 0
59386621 20151030 4
59386621 20151102 0
235581101 20151101 0
235581101 20151102 0
235581101 20151109 4
285176353 20151030 0
285176353 20151030 0
285176353 20151101 0
181477851 20151029 0
181477851 20151029 0
181477851 20151101 8
181477851 20151101 0
181477851 20151102 0
212060792 20151030 0
212060792 20151101 0
212060792 20151101 0
212060792 20151102 0
212060792 20151102 0
212060792 20151103 0
212060792 20151103 0
212060792 20151103 0
23581275 20151031 0
23581275 20151103 0
223488366 20151031 2
223488366 20151101 7
223488366 20151102 1
223488366 20151103 18
265815677 20151029 0
265815677 20151029 0
274769551 20151029 0
274769551 20151029 0
274769551 20151101 0
274769551 20151102 0
274769551 20151102 0
249959619 20151031 0
249959619 20151101 0
249959619 20151101 0
249959619 20151102 0
249959619 20151103 0
249959619 20151103 0
52355424 20151029 0
52355424 20151029 1
52355424 20151030 4
52355424 20151031 0
52355424 20151101 1
52355424 20151101 0
52355424 20151102 0
52355424 20151102 0
52355424 20151103 0
271808583 20151029 0
271808583 20151029 0
271808583 20151101 0
203823494 20151101 0
203823494 20151101 0
203823494 20151102 0
203823494 20151103 0
280631068 20151103 0
285604804 20151029 1
285604804 20151101 1
285604804 20151101 0
285604804 20151101 0
285604804 20151103 1
82476815 20151101 0
55272301 20151103 0
55272301 20151103 0
30818020 20151029 0
30818020 20151030 0
30818020 20151031 0
30818020 20151101 0
259668367 20151029 0
259668367 20151029 0
259668367 20151030 0
259668367 20151101 0
259668367 20151102 0
259668367 20151102 0
259668367 20151103 0
259668367 20151103 0
113288297 20151031 0
113288297 20151101 0
252597966 20151101 2
252597966 20151102 0
252597966 20151102 0
252597966 20151103 0
252597966 20151103 0
190059717 20151029 2
190059717 20151029 0
190059717 20151030 3
190059717 20151102 0
190059717 20151102 0
190059717 20151102 0
190059717 20151103 0
190059717 20151103 0
262263763 20151103 0
31805948 20151101 8
31805948 20151101 0
31805948 20151102 0
31805948 20151102 0
31805948 20151103 3
31805948 20151103 0
73024961 20151030 8
73024961 20151031 4
73024961 20151101 1
73024961 20151101 0
73024961 20151102 3
73024961 20151103 32
73024961 20151103 0
213759654 20151025 0
213759654 20151026 3
213759654 20151028 0
213759654 20151029 1
213759654 20151029 0
213759654 20151029 0
213759654 20151030 2
213759654 20151031 0
213759654 20151101 0
213759654 20151101 0
213759654 20151101 0
213759654 20151102 0
213759654 20151102 0
213759654 20151102 0
213759654 20151103 0
59975829 20151102 0
59975829 20151103 0
59975829 20151103 0
266128749 20151030 0
266128749 20151101 0
266128749 20151102 0
266128749 20151102 0
266128749 20151103 0
84017062 20151030 0
84017062 20151031 0
84017062 20151101 0
84017062 20151102 0
20770170 20151030 2
20770170 20151030 0
20770170 20151101 0
20770170 20151101 0
20770170 20151101 0
20770170 20151102 0
20770170 20151103 0
20770170 20151103 1
10149957 20151031 0
10149957 20151101 0
10149957 20151103 0
10149957 20151103 0
10149957 20151103 0
10149957 20151103 3
210450198 20151103 0
105033746 20151031 8
105033746 20151102 0
210563686 20151030 0
210563686 20151031 0
210563686 20151102 0
210563686 20151102 0
210563686 20151103 0
202844262 20151029 0
202844262 20151029 2
202844262 20151031 2
202844262 20151101 0
202844262 20151101 0
202844262 20151101 0
202844262 20151103 1
