94444234 20151102 000760 
94444234 20151102 000166 
94444234 20151102 002024 
94444234 20151102 000707 
94444234 20151102 300096 
94444234 20151102 002183 
94444234 20151102 000009 
94444234 20151102 000005 
94444234 20151102 300012 
232470885 20151027 002424 
232470885 20151027 002568 
232470885 20151027 000555 
232470885 20151027 002547 
232470885 20151027 002427 
232470885 20151027 000722 
232470885 20151027 002573 
232470885 20151029 002433 
83431409 20151103 603077 
83431409 20151103 601985 
83431409 20151103 002385 
83431409 20151103 600213 
83431409 20151103 000710 
83431409 20151103 600490 
83431409 20151103 000777 
83431409 20151103 600648 
237290882 20151102 601996 
237290882 20151102 002145 
2090161 20151103 300418 
2090161 20151103 300071 
2090161 20151103 300487 
2090161 20151103 002633 
2090161 20151103 002407 
260369671 20151101 002571 
260369671 20151103 002357 
174885546 20151030 600082 
174885546 20151103 600526 
174885546 20151103 002011 
240565005 20151103 300311 
240565005 20151103 002445 
146543306 20151101 600958 
146543306 20151101 000062 
146543306 20151101 600061 
146543306 20151101 600712 
146543306 20151101 000540 
146543306 20151101 002189 
146543306 20151103 000032 
146543306 20151103 300368 
146543306 20151103 002722 
146543306 20151103 603601 
146543306 20151103 002771 
146543306 20151103 603006 
146543306 20151103 300468 
146543306 20151103 300489 
146543306 20151103 300417 
146543306 20151103 300488 
146543306 20151103 300429 
146543306 20151103 300448 
146543306 20151103 002755 
146543306 20151103 002770 
251787897 20151030 000968 
251787897 20151030 002491 
251787897 20151030 300273 
251787897 20151030 300264 
251787897 20151103 300292 
251787897 20151103 603601 
251787897 20151103 000567 
251787897 20151103 002668 
242397981 20151103 002600 
242397981 20151103 600466 
170769496 20151102 300418 
170769496 20151102 600395 
170769496 20151102 002574 
170769496 20151102 000333 
170769496 20151102 600498 
170769496 20151102 002570 
170769496 20151102 600789 
1366364 20151101 600482 
1366364 20151101 002623 
1366364 20151101 002425 
1366364 20151101 300032 
1366364 20151101 600868 
57029540 20151103 600845 
57029540 20151103 300179 
57029540 20151103 002348 
57029540 20151103 300478 
57029540 20151103 300240 
271033594 20151102 000025 
56910153 20151028 002410 
56910153 20151029 002403 
101247385 20151103 600315 
31805948 20151101 600869 
31805948 20151101 002570 
31805948 20151101 300206 
31805948 20151101 300086 
31805948 20151101 300350 
31805948 20151101 300081 
31805948 20151101 300036 
31805948 20151101 300101 
31805948 20151103 300240 
31805948 20151103 300013 
31805948 20151103 300008 
223393031 20151103 600315 
223393031 20151103 002345 
223393031 20151103 000882 
223393031 20151103 000697 
180504756 20151103 300248 
208128788 20151103 600466 
208128788 20151103 002600 
208128788 20151103 300240 
51598081 20151101 002702 
51598081 20151101 600604 
51598081 20151101 002043 
51598081 20151101 000676 
51598081 20151101 002506 
51598081 20151101 600680 
51598081 20151101 600876 
51598081 20151101 600838 
51598081 20151101 600650 
51598081 20151101 002027 
51598081 20151101 000564 
51598081 20151101 600243 
239140355 20151031 600879 
239140355 20151031 002702 
239140355 20151031 300329 
239140355 20151031 000882 
239140355 20151103 002505 
239140355 20151103 000792 
239140355 20151103 300006 
239140355 20151103 300040 
248194926 20151027 600760 
248194926 20151027 000425 
248194926 20151027 300191 
248194926 20151027 002197 
248194926 20151027 600770 
248194926 20151027 603000 
248194926 20151028 600599 
248194926 20151028 000807 
248194926 20151029 000025 
264605728 20151103 002526 
157772821 20151031 600577 
229528597 20151030 000768 
229528597 20151030 002130 
229528597 20151030 600249 
229528597 20151030 000931 
229528597 20151030 601928 
229528597 20151030 000417 
229528597 20151103 600649 
229528597 20151103 002024 
229528597 20151103 000548 
229528597 20151103 002029 
229528597 20151103 002348 
229528597 20151103 002297 
229528597 20151103 002565 
216096849 20151031 600518 
199432827 20151029 002218 
199432827 20151030 002172 
199432827 20151030 600527 
199432827 20151030 002570 
199432827 20151030 002522 
199432827 20151030 002298 
199432827 20151103 002492 
199432827 20151103 002134 
199432827 20151103 002305 
59386621 20151030 600368 
59386621 20151030 600351 
59386621 20151030 600586 
59386621 20151030 600712 
235581101 20151109 300374 
235581101 20151109 603002 
235581101 20151109 002715 
235581101 20151109 002736 
181477851 20151101 002637 
181477851 20151101 002694 
181477851 20151101 002297 
181477851 20151101 002562 
181477851 20151101 300231 
181477851 20151101 002308 
181477851 20151101 002125 
181477851 20151101 002045 
223488366 20151031 002423 
223488366 20151031 002668 
223488366 20151101 603368 
223488366 20151101 000958 
223488366 20151101 002236 
223488366 20151101 002020 
223488366 20151101 600120 
223488366 20151101 603118 
223488366 20151101 300396 
223488366 20151102 000939 
223488366 20151103 002571 
223488366 20151103 600857 
223488366 20151103 300329 
223488366 20151103 603703 
223488366 20151103 000997 
223488366 20151103 300371 
223488366 20151103 600219 
223488366 20151103 600203 
223488366 20151103 600298 
223488366 20151103 002385 
223488366 20151103 300111 
223488366 20151103 002675 
223488366 20151103 600280 
223488366 20151103 000707 
223488366 20151103 002119 
223488366 20151103 002002 
223488366 20151103 600288 
223488366 20151103 000563 
52355424 20151029 600770 
52355424 20151030 002732 
52355424 20151030 300333 
52355424 20151030 000155 
52355424 20151030 300188 
52355424 20151101 601005 
285604804 20151029 601989 
285604804 20151101 000037 
285604804 20151103 601608 
252597966 20151101 000598 
252597966 20151101 002130 
190059717 20151029 002043 
190059717 20151029 000031 
190059717 20151030 000627 
190059717 20151030 002663 
190059717 20151030 000790 
67164811 20151101 600207 
67164811 20151101 002615 
67164811 20151101 000020 
67164811 20151101 000676 
73024961 20151030 600310 
73024961 20151030 002333 
73024961 20151030 300304 
73024961 20151030 000932 
73024961 20151030 600583 
73024961 20151030 600409 
73024961 20151030 603898 
73024961 20151030 000046 
73024961 20151031 600340 
73024961 20151031 002309 
73024961 20151031 000530 
73024961 20151031 600108 
73024961 20151101 600138 
73024961 20151102 600376 
73024961 20151102 600713 
73024961 20151102 600662 
73024961 20151103 300155 
73024961 20151103 002139 
73024961 20151103 600477 
73024961 20151103 601636 
73024961 20151103 002498 
73024961 20151103 002118 
73024961 20151103 000796 
73024961 20151103 002444 
73024961 20151103 002546 
73024961 20151103 000858 
73024961 20151103 000576 
73024961 20151103 600133 
73024961 20151103 600674 
73024961 20151103 600820 
73024961 20151103 002566 
73024961 20151103 600066 
73024961 20151103 600556 
73024961 20151103 002448 
73024961 20151103 002568 
73024961 20151103 000609 
73024961 20151103 002693 
73024961 20151103 002424 
73024961 20151103 601126 
73024961 20151103 002594 
73024961 20151103 300201 
73024961 20151103 300154 
73024961 20151103 000698 
73024961 20151103 002471 
73024961 20151103 600416 
73024961 20151103 600200 
73024961 20151103 002455 
73024961 20151103 300273 
213759654 20151026 002709 
213759654 20151026 300235 
213759654 20151026 300413 
213759654 20151029 300116 
213759654 20151030 300012 
213759654 20151030 002076 
20770170 20151030 600271 
20770170 20151030 600677 
20770170 20151103 600006 
10149957 20151103 600415 
10149957 20151103 300033 
10149957 20151103 002130 
105033746 20151031 300105 
105033746 20151031 002573 
105033746 20151031 300152 
105033746 20151031 600292 
105033746 20151031 002499 
105033746 20151031 300056 
105033746 20151031 002385 
105033746 20151031 300251 
202844262 20151029 000025 
202844262 20151029 002511 
202844262 20151031 300086 
202844262 20151031 002648 
202844262 20151103 002099 
