000099
000096
000090
002192
002193
002190
600780
600787
002194
600958
300252
300253
300250
300251
300256
300257
300254
300255
300258
300259
600789
300495
300496
601718
300493
300498
300423
000157
300425
603223
603222
603227
000151
000918
300427
603918
603355
600361
000911
600363
600362
600367
600366
002743
002034
002741
300078
300079
300072
300073
300071
300076
300077
300074
300075
002332
002333
601188
002331
002336
002337
002334
002335
002338
002339
601186
600857
600856
600855
600854
600853
600850
600858
601678
601677
300106
300107
300105
300102
300103
300100
300101
300108
300109
002488
002489
002484
002486
002487
002480
002587
002482
601699
600581
600580
600583
600582
600585
600587
600586
600589
600588
002244
002245
002242
002243
002240
002241
600611
600610
600613
600612
600615
600614
600617
600616
600619
600618
601218
601211
601216
600039
600038
600031
600030
600033
600035
600037
600036
002068
002069
002062
002063
002060
002061
002066
002067
002064
002065
600109
600108
600105
600104
600107
600101
600100
601328
000402
000403
600327
600326
600321
600320
600323
600322
000408
000409
600329
600328
002664
002665
002666
002667
002660
002661
002662
002663
002668
002669
002466
002467
002464
002465
002462
002463
002460
002461
002468
002469
600299
601058
000792
000793
000790
000791
000797
000795
000798
000799
601985
601988
601989
000022
300497
603100
603003
603696
603698
603699
300241
300240
300243
300245
300244
300246
300249
300248
300483
300482
300481
300480
300487
300486
300485
601857
300489
300488
603588
603589
603968
603969
603636
603366
603368
603369
300068
300061
300063
300065
300064
300067
300066
002321
601198
002323
002322
002325
002324
002327
002326
002329
002328
000856
600730
600823
600820
600821
600826
600827
600824
600825
600828
600829
600737
601669
601668
600882
600883
601666
300115
300114
300117
300116
300111
300110
300112
300119
300118
002499
002498
002493
002492
002491
002490
002497
601688
002495
002494
002259
002258
002255
002254
002256
002251
002250
002253
002252
600628
600629
600624
600626
600620
600621
600622
600623
601208
300089
002783
002782
002781
002780
002079
002078
002071
002070
002073
002072
002074
002076
600488
600489
000678
600480
600481
600482
600483
600485
600486
600487
600138
600139
601336
601333
600130
600131
600132
600133
601339
600135
600136
600137
600310
000410
000413
600313
000415
600315
600316
600317
000419
600319
002673
002672
002670
002677
002676
002675
002674
002679
002475
002474
002477
002476
002471
002470
002472
002479
002478
600004
600005
600006
600007
600000
600550
600551
001896
600008
600009
600558
600559
603023
603022
603021
603020
000301
603026
603025
000780
000783
000782
000785
000786
000789
000788
601991
601992
601999
601998
603117
603116
603111
603118
600307
600306
603688
603686
300278
300279
300274
300275
300276
300277
300270
300271
300272
300273
300478
300479
300476
300477
300475
300472
300473
300470
300471
603599
603598
603979
600303
600302
601009
601008
300055
300056
600959
300050
300051
300052
300053
300058
300059
300296
300297
300294
300295
300292
300293
300290
300291
600300
300179
300298
300299
600066
002318
002319
000546
002314
002315
002316
002317
002310
002311
002312
600831
600830
600833
600835
600834
600837
600836
600839
600838
000938
000939
300120
300121
300122
300123
300124
300125
300126
000937
300128
300129
000420
000933
002268
002269
000930
002260
002261
002262
002263
002264
002266
002267
600639
600638
601231
601233
600633
600630
600637
600636
600635
600634
002045
002046
002047
002041
002042
002043
002330
600497
600496
600495
600493
600491
600499
600498
600127
600126
600125
600123
600122
600121
300467
600129
600128
000428
000429
600309
600308
000936
000425
600305
000935
000932
000421
000422
000423
002688
002689
002686
002687
002684
002685
002682
002680
002681
002440
002441
002442
002443
002444
002445
002446
002447
002448
002449
600545
600012
600011
600546
600017
600016
600543
600019
600018
600549
600548
000688
002589
000680
000681
000682
000683
000685
000686
000687
000338
002036
000333
002588
600547
600010
002404
600540
600015
000756
000757
000755
603166
603167
000750
600391
603168
603169
600392
000758
000759
600393
600395
002033
300269
300268
300263
300261
300260
300267
300266
300265
300264
300469
300468
300465
300464
603766
300466
300461
300460
300463
300462
603568
603566
603567
603788
603789
603308
603309
603300
603306
300042
300041
300040
300047
300046
300045
300044
300048
300285
300284
300287
300286
300283
300282
300289
300288
002308
002303
002302
002301
002300
002307
002305
002304
600808
600809
600804
600805
600806
600807
600800
600801
600802
600803
300139
300138
300137
300136
300135
300134
300133
300131
300130
002277
002276
002275
002274
002273
002272
002271
002270
002249
002279
002278
601222
601226
601225
000835
601558
002051
002050
002057
002056
002055
002054
002058
601555
600152
600150
600151
600157
600158
600159
600794
600795
600796
600797
600790
600791
600792
601318
600798
601311
600378
000928
600372
600373
000927
000926
000921
600377
000923
000922
002699
002698
002695
002694
002697
002690
002693
002692
002459
002458
002457
002456
002455
002454
002453
002451
002450
600570
600571
600572
600573
600575
600576
600577
600579
600206
600207
600202
600203
600201
600208
600209
000507
000752
000753
000506
600262
000697
000695
000693
000692
000691
000690
000698
300458
002145
300450
300451
300452
300453
300455
300457
002146
002417
002021
002140
002414
603799
601958
603318
603311
603315
600975
600976
600970
600971
600973
600979
600819
600818
600812
600811
600810
600816
600815
600814
601038
300149
300143
300140
300141
300146
300147
300144
300145
002202
002203
002200
002206
002204
002205
002208
601788
601789
600103
601766
600325
000400
000401
002518
002519
002516
002517
002515
002512
002513
002510
000407
600141
600143
000404
600146
600149
600148
600783
600782
601368
601369
002196
002197
600785
002195
002198
002199
600369
000919
600241
000910
600360
000912
000913
600365
000915
000916
000917
002428
002429
002422
002423
002420
002421
002426
002427
002424
002425
601566
601567
600569
600568
600567
600566
600565
600563
600562
600561
600560
600215
600216
600211
600210
600213
600212
600218
000596
000590
000591
000592
000593
000598
000599
002736
002737
002734
002735
002732
002733
002731
002738
002739
000776
000777
000778
000779
300447
300446
300445
300444
300443
300442
300441
300440
601818
300449
300448
600400
603099
000967
000968
000417
000006
000007
000004
000005
601965
000001
601968
601969
603898
603899
603328
000008
000009
600703
600702
600877
600963
600961
600967
600966
600965
600969
600872
000418
601021
601028
300159
300158
600064
300151
300150
300153
300152
300155
300154
300157
300156
002211
002210
002213
002212
002215
002214
002217
002216
002218
600688
601799
601798
601158
601155
601777
600689
600683
600680
600681
600686
600687
600684
600685
002509
002508
002505
002507
002506
002501
601238
002503
600178
600179
600175
600176
600177
600170
600171
600172
600173
002181
002180
002183
002182
002185
002184
600778
002186
600776
600777
600774
600775
600773
600770
600196
600197
600195
600192
600193
600190
600191
600061
600198
600199
002439
002438
002431
002430
002433
002432
002437
002436
600518
600519
600512
600513
601579
600511
600516
600517
600515
600220
600221
600222
600223
600225
600226
600228
600229
000582
000581
000587
000584
000589
002725
002724
002727
002726
002721
002723
002722
002729
002728
600426
600355
000905
600425
000903
600351
600352
000900
600358
600359
000909
000908
603158
000768
000767
000766
000762
000761
000760
002187
300432
300433
300430
601800
300436
300437
300434
300435
300438
300439
603555
603558
603088
601377
300418
603085
300419
300388
300389
300384
300385
300386
300387
300380
300381
300382
300383
603333
000014
000017
000016
000011
000010
000012
300410
603338
000019
000018
000638
600057
600055
000517
600053
600052
600998
600999
600997
000513
600992
600993
300098
300099
300090
300091
300093
300094
300095
300096
300097
300164
300165
300166
300167
300160
300161
300163
601015
601016
601010
300169
601012
300366
300367
300364
300362
300363
300360
300368
300369
002229
002224
002225
002226
002227
002220
002221
002222
002223
601168
601169
002189
601166
002088
002089
002080
002081
600693
002083
600695
002085
002086
002087
002538
002539
002531
002532
002533
002534
002535
002536
600169
600162
600161
600160
600167
600166
600165
600769
600768
000892
600765
600764
600767
600766
600761
600760
600763
600185
600184
600187
600186
600180
600183
600182
600189
600188
002156
002157
002154
002155
002400
002401
002402
002151
002408
600510
002158
002159
600509
600508
601588
600501
600500
600503
600505
600507
600506
600239
000809
000806
000807
600235
600234
600233
600232
000800
000801
000576
000572
000573
000570
000571
002711
002712
002713
002714
002715
002716
002717
002718
002719
600343
000970
600340
000976
000977
600345
000975
000978
600348
600439
000718
000719
000712
000713
000710
000716
000717
000715
000488
300421
000627
000156
000625
000622
000623
000620
300429
300428
000158
000159
000628
000629
002571
300399
300398
300393
300392
300391
300390
300397
300396
300395
300394
000020
000021
601908
000025
000026
000027
000029
601901
603188
300087
300086
300085
300084
300083
300082
300080
600985
600987
600981
600980
600983
000906
600356
603988
603989
600350
603456
000902
600892
600421
600891
600725
600724
300173
300172
300171
300170
300177
300176
300175
300174
601003
601002
601001
300178
601007
601006
601005
600290
300375
300374
300377
300376
300371
300370
300373
300372
600292
300379
300378
002238
002233
002232
002230
002237
002236
002234
601177
601179
002527
002526
002524
002523
002522
002521
002520
002529
002528
002500
603012
600758
603011
600750
600751
600753
600754
600755
600756
600757
002052
603015
002413
002144
002411
002410
002141
002416
002415
002142
002419
002418
002149
002148
600535
600536
600537
600531
600532
600533
002097
002096
002095
002094
002093
002092
002090
002099
002098
600248
600249
000819
000818
000815
600243
600240
000816
000811
000812
000568
000565
000564
000567
000566
000561
000560
000563
002709
002708
002706
002705
002703
002702
002701
002700
000961
000960
000963
600403
000965
600405
600406
000966
000969
600409
000709
000708
600885
000701
000700
000703
000702
000705
000707
000498
000635
000637
000636
000631
000630
000633
000632
300414
300415
300416
300417
000639
300411
300412
300413
002282
600090
600096
002284
002285
601918
300127
000039
000038
000037
000036
000034
000032
000031
000030
002747
603199
603198
002746
603997
603996
603993
601313
601801
603999
603998
601258
600074
000530
600076
601808
300188
300189
300187
300184
300185
300182
300183
300180
300181
300340
300341
300343
300345
300346
300347
300348
600370
600371
600376
000920
601100
601101
601106
601107
002027
002756
002757
002750
002751
002552
601199
002550
002551
002556
002557
002554
002555
002558
002559
601727
002394
002395
002396
002397
002390
002391
002392
002393
000166
002398
002399
600747
600745
600744
600743
600742
600741
600740
600748
601618
601616
600387
002597
002594
002170
002171
002172
002173
002175
002176
002177
002178
002179
002593
600523
600522
600521
600520
600527
600526
600525
600529
600528
000828
600251
600250
000822
000823
600255
000825
600257
600256
000558
000559
600389
000550
000551
000552
600388
000554
000555
000557
002779
002248
002772
002773
002770
002771
002776
002775
600238
000958
000959
600419
600418
000955
600415
000957
000950
000951
000952
600410
000735
000736
000737
000731
000732
000733
000738
000739
002606
002607
002604
002602
002603
002600
002601
002609
000600
000601
300409
300408
000605
000606
000607
000608
000609
300401
300400
300406
300405
300404
601069
603883
603885
601928
601929
000048
000049
000042
000043
000040
000046
000045
603618
603611
603616
002553
601689
002496
002752
300199
300198
300195
300197
300196
300191
300190
300193
300192
300359
300357
300356
300354
300353
300352
300350
601288
601111
601113
601117
601116
601118
002541
002540
002543
002542
002545
002547
002546
002549
002548
002382
002381
002380
002387
002386
002385
002389
002388
600279
600884
600733
600886
600887
600881
600734
600735
600738
600739
600888
600889
601608
601607
601601
601600
002168
002167
002166
002165
002163
002162
002161
002160
600088
600089
600084
600085
600080
600081
600082
600083
600648
600649
600647
600645
600642
600643
600640
600641
000547
600067
000545
000544
600062
600063
600060
000540
600068
000548
002769
002768
002761
002760
002763
002762
002765
002767
002766
600398
600399
600468
600469
600390
600463
600460
600461
600466
600467
600396
600397
000723
000722
000721
000720
000727
000726
000725
000729
000728
002188
002615
002614
002617
002616
002611
002610
002613
002612
002618
000837
600266
600267
600260
600261
000831
000830
600268
600269
000838
603288
000619
000617
000616
000615
000613
000612
000611
000610
603519
603518
601933
601939
000059
603606
603601
603600
000050
000055
603609
000056
603866
300218
300219
300216
300217
300214
300215
300212
300213
300210
300211
603268
000820
300328
300322
300323
300320
300321
300327
300325
601126
300037
300034
300035
300032
300033
300030
300031
300039
000411
002578
002579
002574
002576
002577
002570
600312
002572
601011
002378
002376
002377
002374
002375
002372
002373
002370
600893
600720
600723
600897
600896
600895
600894
600728
600318
000821
601633
601636
600252
000826
002118
002119
002191
002113
002110
002111
002116
002117
002114
002115
002288
600098
600093
002283
002280
002281
600097
002287
600095
600094
601700
600658
600655
600657
600650
600653
600652
000532
000533
600077
000531
000536
000537
600073
600072
000538
000539
600079
002026
002755
002024
002025
002022
002023
002020
002753
000100
002758
002759
002028
002029
002596
600386
600385
002595
600383
600382
002590
002591
002598
002599
600479
600478
600470
600475
600477
600476
000990
000993
000995
000996
000997
000998
000999
002620
002621
002623
002625
002626
002627
002628
002629
600272
600270
600277
600276
600275
000848
600278
000668
000669
000949
000662
000663
000661
000666
000667
000665
600556
600557
603077
000948
600552
000060
000061
000062
600416
000068
000069
603017
603678
000953
603818
300420
300208
300205
300204
300207
300206
300201
300200
300203
300202
603703
300422
300339
300338
300330
300333
300332
300424
300334
300337
300336
000063
600698
601139
300024
300027
300026
300021
300020
300023
300022
300029
002569
600692
002563
002562
002561
002560
002566
002565
600694
002369
600697
601390
002365
002364
002367
002366
002361
002363
601398
600718
600719
600868
600869
600866
600867
600716
600717
600862
600711
600860
600861
000155
002108
002101
002100
002105
002104
002107
002106
002299
002298
000869
002291
002290
002293
002292
002295
002294
002297
002296
600668
600660
600661
600662
600663
600664
600665
600666
600667
000521
000520
000523
000525
000524
000526
600048
000528
002035
002742
002037
002740
002031
002030
002745
002032
002749
002748
002039
002038
000150
002585
002584
600446
002586
002581
002580
002583
600448
600449
000989
000988
000987
000985
000983
600435
002639
002637
002636
002635
002634
002632
002630
000850
000852
600288
600289
000859
600287
600284
600285
600282
600283
600280
600281
000679
603066
600713
000671
000670
000673
000672
000676
000860
000509
300403
000070
300402
603399
603398
000078
603669
000503
000862
000502
000501
603808
603800
603806
300239
002405
300230
300231
300232
300233
300234
002406
300236
300237
002407
603718
002152
002153
603936
002403
603939
300304
300305
300307
300300
300301
300302
300303
300308
300309
600727
600381
600726
600380
600917
300010
300011
300012
300013
300014
300015
300016
300017
300018
300019
002358
002359
002350
002351
002352
002353
002354
002355
002356
002357
600708
600879
600875
600874
600701
600876
600871
600706
600705
600704
601098
601099
002134
002135
002136
002137
002130
002132
002133
002138
002139
600677
600676
600675
600674
600673
600679
600678
000518
600059
600058
000514
600056
000516
600054
000510
000511
600051
600050
002001
002002
002003
002004
002005
002007
002008
002009
000543
600452
600456
600246
600459
600458
600236
000802
000803
600231
600230
002648
002649
002642
002643
002640
002641
002646
002644
002645
000868
600298
600295
600291
000861
600293
000863
601898
601899
601890
000858
000886
000887
603010
000885
000882
000883
000880
000881
603018
603019
000888
000889
000088
000089
002564
603128
603126
603123
600422
000962
300227
300226
300225
300224
300223
300221
300229
300228
601877
601872
600423
300057
603729
600436
002573
002362
600346
603901
600433
000541
600432
600731
300312
300311
000979
300317
300316
300315
300314
300319
300318
000931
603838
600865
600863
601888
600712
601628
600900
601599
300009
300008
300007
300006
300005
300004
300003
300002
300001
002347
002346
002345
002344
002343
002342
002341
002340
002349
002348
600848
603001
600841
600843
600844
600845
600846
600368
601088
002123
002122
002121
002120
002127
002126
002125
002124
002129
002128
600592
600593
600596
600597
600594
600595
600598
600599
600602
600555
600600
600601
600606
600604
600605
600609
600428
002592
601515
600028
600029
600022
600023
600020
600021
601519
600027
000505
000504
001696
002019
002017
002016
002014
002013
002012
002011
002010
002289
600118
600119
600116
600117
600114
600115
600112
600113
600110
600111
600336
600337
600335
600332
600333
600330
600331
600338
600339
002659
002658
002651
002650
002653
002655
002654
002657
002656
000878
002511
000877
000875
000652
000651
000650
000656
000655
000659
601880
601886
000895
603000
000897
603002
603005
000890
000893
603006
603009
603008
000899
000898
